5000
118510
268259
763068
524820
453000
46954
691056
231052
577408
515472
202844
603220
901544
309412
418304
651900
725298
744940
93900
773296
943015
39070
843916
115430
599574
921196
629490
46116
54974
562550
779002
674146
54606
393728
457926
887220
86986
302288
833023
952642
476284
953684
793520
784160
230900
866119
58804
361300
889332
521222
64448
118612
366665
694999
729465
505427
946049
630638
798924
622744
694586
918222
385512
475416
841004
281780
394648
558810
450164
745764
552850
367320
474490
49981
970904
718223
112345
186777
298033
341025
647704
406846
337184
301404
283434
10850
854718
655124
981004
648651
524240
984079
646624
697339
918074
960400
456150
265080
704072
956113
724979
61842
793444
110368
176018
97598
625603
983320
881760
120475
228320
857498
309716
168040
929161
615037
188463
763360
438523
51372
936870
807192
337584
936512
81278
718310
967772
102990
895224
724240
957015
616823
828190
466312
235220
451614
465360
829864
899912
379132
259125
148615
730610
975044
524846
693960
72386
369550
869195
387524
346272
434721
472165
170738
839472
601840
383030
947410
871502
744090
416859
691790
655536
371850
97710
360658
62243
490096
785511
419888
736682
720686
521016
94186
660101
544050
102480
67964
445352
229667
125824
422000
34060
548660
396851
273906
463328
216436
827400
524475
696625
356620
381270
409072
123885
627302
788155
719147
525701
375872
596040
474129
387580
119867
109825
757472
12586
310530
121834
589304
564056
307102
971496
469986
445184
483180
982308
146310
236900
361598
580718
359105
788420
350010
33600
796420
615176
639636
685960
466468
603316
562177
855053
496176
586592
981378
814958
340575
38784
923368
303666
802688
52402
230878
374800
715880
807060
581264
361125
661355
282705
317092
324245
428168
427975
764265
79178
856826
255808
359074
902590
286720
170784
582663
222877
811024
88666
888916
812342
459900
72240
450792
368382
352800
636325
722020
95672
883915
225064
781960
620336
331741
827375
927876
822549
706240
721686
648720
491573
648200
906734
250208
947243
750144
15204
913498
266860
432742
138685
597990
974332
347978
699880
523350
910176
170671
667812
996172
462292
672716
889876
245116
649132
998705
764227
816962
661724
500000
115120
196122
404483
687612
506600
679945
996165
89300
716374
378989
118269
967525
750880
255143
264497
8245
119576
678036
735376
314004
867055
304581
809306
915969
636689
880334
8155
484080
919335
17600
555978
479296
985906
553038
956984
971520
470827
590083
749301
147404
789449
389573
655164
780620
827026
522094
551598
177250
21764
938344
102370
717305
339200
907204
596506
181659
810634
271736
960250
584500
8740
77251
896088
246616
486640
669711
11550
137700
286960
434233
169776
574352
999536
295936
338498
528500
576100
263180
444430
649159
258484
997910
88898
703200
610755
68472
348504
383662
911528
895136
843347
183587
533747
201869
15872
27423
990050
8355
465600
541740
337152
1413
140376
889022
598181
65409
443160
773806
50200
908320
285474
687646
547816
62430
164562
465272
191980
405081
355000
679932
96642
320090
226325
679835
846606
623183
922066
947264
922125
391832
28546
648198
241152
483128
617484
291784
769391
828160
759650
619433
563198
247235
516962
149600
478486
501328
428266
477668
780400
866880
222345
911240
277610
977840
338975
908420
566780
942372
90939
385978
832835
461199
29683
923856
915271
717433
373071
862922
898601
576505
168750
57210
480724
253012
836552
645588
244357
191344
243644
97834
811204
549620
425829
694712
439983
88869
785163
551270
654932
193744
992423
449480
382607
653070
835068
483330
318122
796872
779847
85115
646305
580302
23294
902798
812896
654100
269490
992448
85085
693008
583786
166451
339400
651692
999880
134896
237083
49692
239540
940344
465020
473098
350760
403456
490946
928122
671208
880820
113156
299743
228332
181601
214962
711409
234640
764800
47102
96468
66656
563158
238212
498144
433166
53020
8958
509968
839370
53728
674800
52872
898744
804040
858910
537426
895531
834250
730768
429151
297200
214725
979870
85972
340740
852086
330000
779926
195840
620765
243040
634904
578080
647545
539194
990811
70136
788144
328254
394179
504657
329696
248199
935800
778544
37354
160712
525975
818408
358875
971375
940032
43776
954780
907195
583470
631520
288
705936
974222
571390
900544
698370
165868
720944
256538
361404
788520
577960
129543
390160
227280
217750
91636
770080
787590
647797
242815
504212
235340
346205
207888
479164
235160
581480
779636
887982
879700
925232
882666
831338
54238
689779
517204
29022
114268
779535
80479
256375
957609
462534
157596
727900
66506
946616
481471
798888
497188
630640
757788
730360
718832
42540
840864
917126
886961
354315
615744
740480
618620
929671
459681
899100
852852
634836
712240
655032
353786
968525
675522
843112
931260
617564
312424
774935
85900
87066
451637
868854
553343
798272
374064
331728
801088
938294
613152
307825
622865
341432
73508
498910
329840
349200
141282
70760
436259
161466
792020
664250
182486
234690
503288
206728
288884
527674
618754
44732
110263
33412
46241
120472
872052
443308
206871
948509
239632
765072
590382
473371
620632
917746
107136
726983
774150
79814
118916
673115
387466
294184
615101
557364
224366
310303
555556
229888
930856
711214
820976
191112
337581
465370
936793
177250
866847
965260
300990
725318
999698
446650
599053
969642
418027
444324
996299
759332
33968
251524
713320
30428
128930
999256
573766
209804
785780
976115
23100
562400
880744
855670
642860
828674
827272
231140
277308
868045
273440
894320
873145
902710
675782
384844
85705
551422
424960
622129
793056
861780
813425
484970
27490
402980
940096
654123
805599
378266
88170
207136
678120
166390
996716
22980
921268
22281
671504
351660
682818
533464
406832
7216
503838
67570
780920
595065
563082
441186
274884
164819
610482
374888
907792
300119
416927
378552
384020
368792
474828
727472
103936
968200
683989
917374
170483
951952
638060
852408
847680
920960
516562
831960
794180
344972
384117
453985
126820
679562
576862
912231
257978
450958
867280
767542
4160
604874
113075
572544
984143
54301
715904
361883
645810
759004
754594
553675
501774
73142
729032
965520
647264
553312
879724
126667
894200
210040
116756
977861
375547
523088
539686
672824
558810
210456
399302
342577
693576
626320
463360
318900
811518
299138
865156
747184
424588
647695
90060
839328
128224
251290
639281
471198
697805
882992
266790
853972
471480
211356
634502
384500
916730
827805
496263
127516
507416
129116
910715
939904
931818
805990
618543
473406
281572
850090
818172
571772
679708
379376
166040
568531
734747
232270
710875
22564
338448
94413
888219
709976
170005
848120
284462
288647
22455
916823
956046
429810
613160
962290
377600
903060
376500
423478
776064
94520
139360
657416
515860
505260
409382
125550
404244
419152
41749
563779
915808
668515
466032
36158
600010
789020
364450
485292
258068
537894
773042
648750
578216
670691
807142
171800
679504
202350
553192
574504
931919
475056
313235
586338
546321
885246
324336
246600
411700
91320
904040
269064
528621
382989
501470
729483
347910
789536
170558
954108
714440
320920
992549
311794
237288
163432
913600
514162
362272
407336
869979
429853
209848
307900
534668
761922
144844
289286
452244
623356
668676
705230
542539
107683
618109
943768
883514
636032
335326
901890
853228
467045
970104
741556
149080
251956
136280
88708
706940
279520
929086
179490
432000
595219
835422
532600
411760
948480
454895
248465
16488
107783
401200
997918
192327
710562
77796
168600
978892
714040
960744
724696
742940
271500
589198
521024
557092
109486
581536
436708
847673
234060
502750
439250
948916
275801
277320
73675
224040
52087
70748
823448
795896
427432
409966
3592
658872
24615
318870
483278
395664
126984
703897
909600
912511
254490
559350
722740
17975
920695
58816
516655
553339
739490
545136
655698
643560
494970
514510
218160
206480
789024
702680
87088
149856
591249
650266
447632
225154
787020
627662
571715
289625
681414
168288
38600
117516
95440
918214
542028
554480
374656
905718
293442
19412
297950
96160
698948
621639
967922
999975
231621
874475
337980
342432
668132
725020
312548
999200
398063
985380
324367
146062
358752
197824
871625
921364
512526
924872
939825
877568
93360
282716
994714
439730
971302
264052
316515
117590
414465
915940
100565
981304
614484
669518
577854
288296
193790
360166
670044
968288
335916
758235
659912
773110
219502
50379
947700
674416
403802
865288
331619
916853
491924
426340
794768
291730
669920
989978
473700
703536
351810
44736
223120
109676
245764
90865
944978
341706
85070
274998
462472
439243
780840
43657
216235
855511
538660
631520
980750
543840
565045
609564
603978
730551
939370
196602
450000
481000
633947
792080
102297
66408
69618
450596
848450
658757
55566
823656
858025
111618
245664
778650
261264
392665
348182
939672
124580
617850
635280
816080
478856
59647
839424
710201
241114
180190
182470
714064
669440
414153
215710
368456
883830
416980
372978
693732
304239
634598
310894
301556
300490
32988
552808
626900
723856
827885
566130
336004
637795
572172
540112
975538
861589
87926
279152
918752
949638
654240
550770
339808
574160
984285
562610
528857
83845
740967
107321
23928
70300
463112
843855
38464
563904
25568
919900
690510
864892
763672
478681
392842
697109
592200
529788
344554
551512
564340
174800
529304
112618
223815
458754
566038
135372
23456
394990
997264
806411
326649
175644
884909
495202
992780
713330
560512
252540
562378
94400
746944
624304
117728
321099
593008
298367
901891
459476
165009
869600
984052
511550
373564
463875
460290
353986
623968
407264
980017
552631
507360
472700
13264
173793
599235
670232
179672
102080
714520
383960
985468
329660
46502
850836
275521
713276
417554
406491
829632
651948
77634
841093
5010
215248
380232
349472
516048
260255
867627
975560
823372
714996
376800
31610
801622
251492
673304
50064
417148
649780
622900
697781
662208
418690
129004
906290
436592
980890
718104
215775
856982
321901
667720
110670
171402
574519
862944
977658
973533
872121
130084
198838
145200
64802
931612
794292
30960
463993
483008
196015
749140
782630
542056
361650
825506
40224
55672
107352
962632
713995
51198
333568
433925
362136
490208
68830
961705
724565
425295
390625
710568
872245
345636
83920
199481
304326
154870
116380
566690
842800
601766
527240
41107
383122
426950
347385
43446
792154
957958
18280
817819
942517
731470
518147
912190
424368
480310
302556
124758
159395
656195
413700
522984
261184
323120
348266
968532
871506
645748
875120
51616
486005
283117
800538
108640
350870
499510
723356
104336
377550
295596
975080
584118
623546
21625
315680
718780
136832
689836
389144
361685
663900
631072
788691
490035
269816
765025
528462
27350
131388
368712
921149
525291
756059
71900
635906
986024
270980
506312
984476
671626
115484
694324
123770
589905
18284
567590
618899
708706
64550
42190
899766
813772
825042
170600
600440
323118
860352
969214
955645
701115
242502
961730
538672
961120
192241
113015
631140
916364
301874
306690
310414
353286
643116
221596
403286
67424
275296
681200
403193
497063
932675
909390
453358
31120
710320
264058
915687
910592
250702
754126
909696
377255
523072
580704
170240
277976
716725
635295
276655
338340
862942
779870
449300
678046
704456
240008
70952
120148
777990
152486
910007
389056
224791
640934
265635
106632
769680
550386
664985
860752
427256
321743
533462
590072
470676
682842
228828
539880
574761
668344
369822
222480
477253
885042
84192
259094
217755
57380
575510
877200
125565
321009
98427
212321
564120
313380
66976
392848
359984
173360
917825
270112
787248
847820
953526
580472
413102
466548
392300
154580
965152
646240
954778
873980
905368
725752
769259
924293
757080
435036
156886
237592
587634
888344
985215
499200
669144
559255
663842
418018
92893
531116
498066
996368
230286
792642
281560
384356
869950
414218
932916
328195
502018
815106
174340
832880
141337
340615
97886
552516
526934
783922
493742
375150
398320
40304
667112
264064
105489
848256
311104
214547
228116
682330
393878
75386
930548
31256
213716
309810
231620
556496
589082
336680
578384
780886
99600
559198
87447
394752
501232
561010
961020
475830
596666
218114
524536
872951
560363
588592
440184
123151
432415
264122
269780
959098
665604
669352
326750
356617
546715
571567
359490
844975
482941
218620
120637
101671
56480
82700
371444
214540
349490
371430
265348
104966
284548
558046
330692
801482
984660
59344
831076
745625
661020
392000
418912
847500
51070
90240
489925
922136
50991
847492
285637
908212
588416
783470
66827
788446
53665
949067
216665
322340
388887
121005
97250
359508
927100
234480
590640
349205
565667
871610
24336
777906
350767
935098
339344
967985
267586
395898
959935
188210
936024
707712
942762
302042
34673
543414
783376
517109
682660
482349
592320
155931
578731
289950
132573
321682
532305
457422
383405
999764
734149
351268
558400
70170
933105
598302
108357
195608
488810
189960
140742
418860
581276
374932
146140
610712
985195
917576
564265
526928
650064
618182
649840
491228
765250
234168
842864
603936
846968
217920
617790
822160
413647
879902
916532
961812
724396
195740
541172
568311
9408
930243
277950
104244
153792
873544
867100
944964
515679
400832
72140
121212
154380
448416
591150
123524
652633
107624
761590
945978
404003
83904
170744
513472
563715
653234
948545
284570
539207
574600
361540
79753
383807
864616
925178
443907
589105
906760
501408
430497
412740
653300
352970
770510
2684
638830
861550
653350
528952
441677
239652
579980
157572
352190
563968
897656
644815
929842
541440
637529
248250
24788
164096
659450
94814
401720
924051
811510
361960
973405
769565
727609
412810
61525
152954
797339
440790
898349
302832
594290
194944
326400
876956
390400
519912
452682
721610
810480
337480
362666
407500
619662
508600
460760
922150
319896
905952
69614
462800
876024
429460
893972
619527
665770
116030
665426
151124
859806
795948
865250
505120
479762
199888
150024
943102
411830
729890
198824
846630
170655
849555
311616
895950
669250
241842
922160
897097
865889
96962
240160
754270
5716
466688
552440
34994
287500
706464
506400
882400
520
350110
983334
366715
901726
33100
466708
121796
981232
359840
117556
263175
662914
185920
396624
744815
465115
486956
929800
836838
620030
480040
27972
743694
689285
495760
750271
103561
117115
283337
714350
486982
942003
527580
431220
822572
440639
946300
765989
518448
200052
385196
41550
416827
334016
962851
412650
362281
795553
840896
937763
475600
414248
808881
995201
760814
247372
391284
46827
425945
230048
829624
857375
680208
364386
390192
856944
554316
494116
993858
842244
873090
965179
615940
559506
310416
343552
197065
263125
730028
901638
93416
901328
492650
816299
587844
560825
614069
414160
302789
94650
401648
704330
569274
662517
665088
274834
779432
948631
699512
636757
355230
806000
823584
401576
757700
791026
338716
914597
132064
565964
606596
206982
489205
962780
969609
807324
993034
813550
983645
954863
710430
359410
916500
744060
769204
369188
525184
846638
273808
921555
609854
519001
952990
219682
96830
276573
509864
556480
13049
863504
21603
579935
205464
721756
590426
385459
872600
97571
972340
173012
924288
892160
250492
407337
747832
135440
475250
362304
835508
240072
196488
88232
119728
688320
624600
883058
698934
824604
889114
829128
205432
811375
978063
52118
742858
817172
442616
394608
281912
857045
729528
882019
498896
45504
500437
518552
76837
911620
421670
503920
55715
122054
622594
299775
290168
430466
307512
200242
881376
947172
552139
256182
432950
733760
314688
164872
916800
884987
256564
850444
584845
75682
431282
16587
1344
906009
933199
35660
290575
834203
706984
423000
924806
639586
488667
548672
372840
58280
370643
703296
973370
686694
891602
188326
963598
905400
753974
707936
194315
626692
735477
971782
969582
258459
743375
339586
488329
315320
704658
617912
676738
575805
488073
341856
157792
276800
558676
103575
531200
830645
595346
755562
351520
867536
159185
286564
577060
102766
302404
944386
669130
316120
817309
86480
718375
163480
920248
439038
824624
776824
128188
699390
185733
931162
590616
180611
422428
945726
576800
768620
771168
124567
822752
827348
544268
924948
63130
624148
764268
136140
618835
88177
762724
455000
421918
246910
291187
21982
628831
110920
237584
469404
359730
18684
236625
77080
205608
31013
628455
973032
755596
985100
534896
237085
204802
490292
187270
926355
291700
928646
716660
533348
135909
80596
300800
956480
77798
568365
34936
911685
617600
143888
46720
367738
910796
810024
724348
540821
344552
109894
669342
874825
275520
170140
431651
353314
410222
486326
177344
478976
504277
649580
661216
477465
595904
815165
135221
868950
965482
661944
111127
893760
931220
64248
951012
37152
89175
331106
902081
212184
208687
608544
80244
715594
308482
352220
444530
77720
511920
762465
16995
281537
580160
494400
544080
160040
233579
680304
328100
650904
881486
434469
842050
410094
783220
865255
917793
611763
576940
406272
415784
324535
854170
590634
712040
897258
999337
564775
743485
402966
398257
476090
158528
969302
980166
286970
855196
379200
264255
688245
816130
734000
609566
296975
613128
638680
446856
978234
714798
286944
437314
394777
705677
610236
204344
93899
90555
150444
987700
813560
707163
125948
316943
204715
882040
990592
524019
17660
315464
827972
721200
864235
65343
887314
39214
404352
920852
593664
709570
643408
659191
774960
401762
143435
275583
285096
365912
339304
812900
622300
535025
896900
435538
6930
330509
451319
582604
673414
287597
538252
401660
184434
607758
526326
473968
673929
129824
241210
113872
988940
292070
987983
667420
248162
416680
855033
342609
75956
443976
541000
336576
599465
580372
864681
395768
260580
39537
748624
368770
242504
705838
417780
758183
559976
259840
627017
699432
712032
31986
582004
831488
366516
584416
949598
85064
960625
589704
476218
991737
199280
237645
681604
949280
908496
964066
440402
707546
49176
352965
856772
774510
90982
2501
333891
125875
928892
293475
98768
827680
941936
801732
919348
441797
121753
393680
325944
788000
473250
212800
113660
325449
420721
944479
829534
863359
78786
566620
402264
256487
601740
164908
154464
379489
146323
988784
394900
232167
769800
941561
981624
56657
556568
8912
895559
636866
335806
246055
706722
308354
865130
809675
332328
37440
177136
613180
626522
31840
435384
121396
321156
228560
751136
832677
411699
556056
157160
835373
265640
106824
697028
180080
71500
992460
234476
735884
141328
202900
88808
326762
245321
275156
622471
164884
312512
201646
592780
864544
824112
482560
767930
546050
395974
418420
711020
979774
717725
599140
209373
884942
233984
551172
621600
515435
26844
443332
297770
960128
299050
77723
834565
458854
128772
564750
438924
635754
56374
833680
128164
632216
784256
226678
444494
641995
593200
347434
641470
619802
556527
146084
489970
992416
84928
641448
415874
341391
769344
730773
308695
76956
642070
123108
232995
433284
160720
933932
544950
542950
800430
493989
530386
762080
774445
809000
255168
847558
217598
492828
592416
536678
553547
140034
128564
783310
753750
31712
41914
285816
232020
72914
457900
973365
944232
406200
259096
735780
839440
265410
39725
517680
818220
999314
765045
680718
286172
743542
254504
707264
571515
44426
22796
244812
63959
926168
677094
16165
847057
339271
920832
541142
551471
7410
419663
982908
24032
352396
313782
632672
752416
8232
20946
170486
207248
174536
632500
942829
210104
246916
959871
547029
818580
864225
553355
328200
541792
338720
240920
739240
185668
636132
911032
208404
626291
702549
112381
320035
443960
344234
612480
54208
10808
580380
112624
177892
104732
435776
860186
175816
397616
780070
389400
551024
806736
934408
311468
875743
118539
256248
447018
832228
462755
685832
798120
493299
680252
142570
400548
818770
660915
57730
795884
301000
475722
907984
25200
362325
885756
908433
447994
379780
844103
123088
895697
899024
786640
819080
588078
758132
132836
605296
531179
191014
705570
811648
263282
602613
877120
357315
940951
35760
681130
108750
937051
283801
894530
755144
394560
238364
925612
98630
883394
97190
288905
294910
548008
176072
622964
221110
156170
282848
699283
54592
545952
218862
877840
969113
783907
381472
335370
293952
918782
803822
701381
503749
522880
52750
630300
567440
96740
107874
876579
828350
981681
738199
557928
445896
354569
268660
454700
78505
894287
912221
212594
508360
52289
619748
403104
180390
195672
887651
815604
294835
607276
325806
224683
134300
6712
677903
302334
52311
754530
601800
407090
282616
994298
162412
986818
559143
491452
860074
876872
431056
214180
343976
790455
336458
442750
630340
421540
942970
456657
253791
919916
19320
539830
964421
852028
107848
909469
707625
444488
438093
28722
707960
659552
301216
77200
132606
94560
922136
93075
629336
726314
731286
534308
193684
319630
434808
501920
916085
429146
223257
648830
649784
666952
921806
385900
226672
512016
787900
38564
276507
526461
322225
508416
104398
780531
917640
692800
949871
369382
350005
738592
232675
70390
41423
817817
506630
466450
36330
722678
791112
174925
395406
158820
148494
867768
377174
771640
863864
514850
992468
746146
759648
664130
141112
127048
476875
350622
446096
110200
601500
816064
678992
110080
787646
667254
791090
459680
424336
94068
338650
942656
43255
266770
998944
710178
188448
173352
50670
365646
516416
813422
218618
639624
653565
728342
768590
568405
497855
226641
432468
737548
568345
864995
691088
550531
497076
711275
71169
701860
521464
306259
683836
535806
253435
842523
512976
721856
795811
788064
679350
215445
550361
941194
921803
394458
390709
4708
572470
993933
795928
690978
901972
154079
955039
626877
781120
62488
260164
996529
499060
950590
895052
645908
872200
492491
710664
135470
231295
145023
955257
682135
771340
814285
841244
817702
791328
675788
778764
256839
607083
248924
306858
745160
287409
527698
712630
636828
372328
28276
736306
352070
457684
881800
235808
165726
341200
661368
944358
402640
928160
281208
567280
827800
335652
939800
634240
382702
388935
984680
622048
541036
283716
75895
494200
492380
724990
529587
204004
14542
74128
777484
446905
490936
28900
725992
209716
226048
142275
109325
481676
358592
915054
988272
393395
620805
896054
482638
551165
398610
274764
256076
557486
896080
438120
4860
559997
767684
199883
609282
977094
959880
579807
645210
973029
574018
105698
224267
31394
965375
437800
36538
899295
109824
228900
694720
406160
220944
295972
898196
723168
593183
756735
609720
295990
851665
374532
278980
33816
617175
316708
604065
275618
854307
156890
829405
498244
589489
213980
135000
735684
368188
565666
256932
775321
600366
794584
191595
437392
998588
810208
361852
803506
756385
567724
463250
127180
195600
665760
953593
267700
757432
981280
175040
108640
759680
962377
98969
895405
155730
366800
916117
272795
440398
816636
512470
828852
139617
857658
185677
950710
721250
459214
329280
637306
144725
617987
612252
63607
595298
988400
781956
109076
982592
50664
221680
18142
198705
500440
205908
339400
392560
370470
25000
901456
226014
936840
577504
925364
404554
359145
727482
911940
261332
824460
661112
769912
558861
615530
36541
693115
764427
583425
333952
311150
107936
445920
257219
856464
296706
638540
697750
956844
854544
514646
795624
996708
436880
670682
666178
772587
227595
773390
726619
565176
648732
803009
670614
109880
772160
114650
548010
707770
291240
310903
536560
191831
876800
400320
248716
838592
196086
470680
339376
897320
258486
860846
995424
313212
616014
802781
826227
985399
189529
952922
333055
733365
269378
225458
609764
90570
306692
607202
711464
704296
77160
142852
949406
25657
272170
65389
85072
274204
383988
727200
523970
701536
575375
144040
545930
753639
371298
981344
586944
599750
267500
808317
939896
129200
430784
62175
847600
827779
315100
729320
394720
974158
662796
582976
718016
239042
337360
472692
237580
754695
247400
684460
897288
819254
198219
383480
407496
55502
118230
529082
312753
874121
888368
135100
171172
449628
542460
33640
712597
673520
490992
637738
765226
354120
982785
491496
324812
523118
472832
265691
282830
315030
57828
299642
774868
889907
446992
897068
265294
386540
972696
111076
133766
34242
141782
428319
915140
651788
602807
760787
382888
735827
489440
376773
747510
391432
530090
42155
507516
698797
687604
414664
591972
860
689749
805530
488560
296175
335431
556264
913607
824175
242120
72160
306784
679820
49645
829546
716448
880838
679476
185490
410700
814840
468915
295944
310535
717568
312742
876010
247784
44559
606360
194832
765200
411047
507550
982702
581354
261662
862400
869600
442000
294574
258509
260072
443750
16572
360550
854860
669020
540942
180692
549634
192669
950335
65880
276360
728358
196338
304496
297752
248038
675686
70920
327296
596728
666086
232086
67711
294290
376573
962775
182632
134776
60373
984132
41172
202904
343184
33810
789384
924258
320284
294236
499200
83890
317996
979392
670596
389871
275024
781120
528560
519745
743757
125861
728228
377073
416194
592730
420696
485564
825168
139536
911352
587820
4977
263616
589056
221398
609150
103500
353744
638200
801740
954132
350080
209632
98159
907300
747824
255680
677306
87664
582280
194265
208346
389125
69484
667400
211111
375215
350272
683700
445844
607810
331344
407387
278588
519806
387558
23347
997383
4529
959608
696040
180828
21393
24000
903000
945593
829784
987257
728472
115032
185008
459009
854758
28018
639636
600609
103918
310280
247589
57432
643190
140866
424572
761915
746640
741633
181705
653600
30776
506000
567463
214386
748008
356448
838376
929184
655850
139542
839661
768884
510624
539920
766787
67337
503414
163415
914009
923588
736164
571584
803445
776971
624468
99680
119810
233244
386592
498944
268888
727802
608381
419365
926064
586307
409669
286870
938330
408137
901768
616735
288704
740706
220368
404108
498296
911012
401810
601936
806874
513939
717975
338924
121468
478064
141196
903584
55655
167925
258590
159312
168200
146830
418370
142078
687885
5824
253828
336904
58296
568686
123888
819612
733152
634792
386950
914860
290982
465600
132650
54074
795220
548364
247875
878421
104000
721868
27504
879060
173520
81683
629935
510568
757030
390824
665588
790100
514565
280747
206428
926796
851792
583775
244148
64272
580422
541640
970749
333560
405018
4360
458509
623772
20718
369068
548350
460068
180845
98308
174480
893971
768284
75346
600030
264420
982309
197850
360934
716424
799808
874772
361846
238582
927465
599440
758423
985636
9002
128177
8808
859700
854082
472445
967022
616784
825078
652864
840527
204084
674800
223039
38671
521082
989685
669036
568560
21450
274382
350364
455848
605952
631376
497357
972005
920306
455489
352850
416425
944140
311055
955942
426122
866220
802068
583186
389000
239144
381600
918308
10582
223976
729816
936490
221804
212096
620046
987835
361930
299452
143848
639116
826777
330360
483400
904766
344490
711088
489285
396341
615731
788448
193592
115824
494958
704722
927693
930914
698504
554512
128944
827183
778384
67668
556101
812576
590160
438971
393440
819255
826502
120336
671800
921650
122907
460570
492425
396652
460310
58254
227936
875773
883815
261084
170240
125352
468460
921165
117953
415420
875811
677011
440247
783568
978415
729930
401724
977450
504918
499596
283660
640480
148301
619924
921073
247424
881984
129920
868463
847164
319996
553776
68362
206408
866219
480217
886611
574000
47903
422420
20320
27642
202082
639760
615480
592980
861264
550383
194186
783032
195389
229665
360700
430712
472757
167690
508286
783499
763009
649230
697600
253964
302125
580088
611760
26238
780072
698026
110568
965244
838652
15416
620676
83957
780606
283476
950586
287540
427176
515224
823743
691934
450527
438425
924324
332630
93504
788515
975766
488400
964981
404548
42529
712775
322640
160244
552142
807772
615328
71344
987480
218423
104000
456125
244411
886720
131790
680931
981272
544163
748685
507848
88235
193340
586275
487170
779888
354330
741964
777852
883980
36500
748736
790170
30733
466240
168030
300890
748100
957952
268770
257984
905085
264545
688480
556187
181259
377247
843240
956776
387616
220710
361993
657079
316872
673983
834202
323436
489715
946850
519632
81692
467229
524460
487590
82708
725244
931088
536975
50094
486900
443299
892616
619145
664464
814363
116662
738876
750344
505130
511324
3340
151639
122624
13652
740680
20985
699160
866330
745935
168448
655261
96121
279376
879989
806134
599312
427342
50520
910164
837960
649872
974320
349609
770172
212949
167233
189294
617137
757254
141190
714000
192789
191794
379170
708750
598611
45940
947216
376030
629787
329406
270200
975628
399679
815888
767680
428710
684257
702852
682736
278442
926525
343668
974174
222302
927345
620316
234928
641160
181764
116900
381520
601604
379325
3517
54384
771388
206082
358343
501566
855488
460742
794530
84108
987189
607633
801043
451911
110145
908475
754700
218500
176150
423890
104856
834114
765616
203000
428658
915850
359906
662920
691738
513052
614620
436480
889968
809760
740710
459824
207404
406632
332260
563150
460626
90628
228988
333777
794376
359120
230072
882056
503930
731759
902668
482032
154480
797875
29088
469826
396900
237000
384320
269866
88515
527630
937890
248580
985134
643325
180772
4920
121625
257132
987060
467251
977850
691008
596645
593677
643653
46392
497720
778285
317499
125098
316390
953750
686770
962242
178408
433952
960150
494492
177804
373052
67968
412015
925608
457344
125752
833056
192474
841040
683274
423380
28446
806724
160120
987876
929736
769790
812280
11750
741700
741645
185440
985622
654378
153520
831328
942206
294496
989170
122924
686652
326776
159682
150264
739456
993280
519839
264632
650610
14528
486208
700065
380285
857093
636601
851527
858684
378868
666025
371970
575404
290166
197252
230992
608940
830283
93820
562000
147241
426156
787682
514770
108403
102266
773335
927273
749652
950840
836121
551456
363246
115240
222580
148736
687111
373248
562221
780216
988478
587911
495638
920984
183200
267288
408785
864860
964796
718829
245576
245841
274335
732150
301314
827380
604384
613608
202323
155330
110255
287710
408496
855179
505248
428352
334860
970722
635007
144860
754368
754837
42120
838952
959942
316030
46473
914624
597520
943008
480840
520684
263920
997718
504891
566720
161770
32906
944386
28518
534372
745779
90921
892554
160586
794614
260778
64736
457920
168054
600560
390368
830792
241126
441051
60092
957536
205844
325352
831688
58553
477440
796920
711980
360880
266576
722690
85492
820496
508320
221632
619325
12200
906720
232822
760454
694200
829160
640155
514256
2970
256256
999383
528909
573775
971300
26397
835552
996876
251208
455
71140
854915
186485
469608
974072
257732
795610
582376
31568
140320
797832
155000
26545
606914
924444
488774
346560
630403
978272
149807
698644
289457
288574
16250
229414
545776
562775
410357
504940
580088
970583
261440
6720
742761
510134
985284
561916
969565
232657
102140
155650
653740
510800
917014
899072
192228
973936
252748
96200
991820
372440
945778
797114
571507
581200
952509
679989
388520
96608
349544
391495
102430
334812
497040
461300
446193
287275
409170
554977
172454
182228
698992
118400
102785
192800
924440
514467
212392
121465
517716
328487
140680
356529
970325
836296
845900
558706
126597
425100
21188
197500
396870
146559
605505
69696
83700
834018
280693
303456
436924
732874
134015
568904
665344
43001
393790
977344
481920
874612
763434
753912
868850
182537
780256
715560
445408
18940
111474
622400
456912
803645
511090
864572
427021
996096
19156
258942
825344
368432
429120
985352
663800
783420
469260
169134
608972
629226
37678
983133
572848
68200
173202
92684
67512
87893
642624
53856
448322
768786
413340
642591
53377
566032
394395
638976
943826
871730
378184
551488
946496
32602
824201
321644
331374
965984
711128
77065
169592
215528
473225
311682
476448
957500
285280
832396
264420
325512
365290
195704
429580
901680
820328
375618
94316
188193
76936
633208
354114
116524
956331
543409
940901
80006
875688
459945
19095
993130
928204
727012
938000
454226
952604
519851
255912
737748
82600
696346
581000
713692
237348
340020
448032
796858
298964
705246
464570
689547
21952
266409
858604
327642
946588
713440
532160
155100
499217
458484
973786
151300
567260
923320
658800
489420
146408
639328
766316
685746
118045
678164
260695
552884
452601
666351
880780
519412
715125
580836
405101
368261
20158
308179
995940
443544
406000
21696
107832
381636
29795
390932
607980
864209
157934
194980
817615
543963
889770
167016
120750
458716
439944
627250
232166
461267
285052
638020
130250
733114
460136
16502
759056
678945
952908
625949
857287
476760
467390
371282
17188
348880
215505
8366
377266
709418
384626
232585
242306
446455
135296
460124
168274
349869
74343
911676
631946
538150
637642
846692
39898
452474
185586
604317
903299
552893
42220
526372
971355
535608
551655
707936
918112
157035
707421
5664
265659
564928
514270
791390
365409
647418
513439
880806
799507
271682
515089
658111
844150
740280
866790
687355
123040
515177
185856
149033
910119
951412
907650
101752
314168
592808
454500
923753
200324
126072
305469
448480
659530
305504
738508
121136
505162
445190
733960
64025
30422
882440
584468
648896
787016
868978
68758
568516
45249
768968
728368
288837
817155
106792
282872
679425
404247
440440
582562
829330
374410
594574
600500
880435
984468
884332
735710
238708
444780
804261
253862
505772
480000
676438
394744
473808
800517
229316
563325
246007
43500
742368
578394
824916
795270
953400
999504
37596
321280
312800
533846
750613
62800
135196
208593
288609
220712
657881
915410
532001
481580
701242
244460
598608
425712
291288
421773
117628
203984
893626
373706
330362
520737
796792
111988
271928
875313
170537
68288
425024
478015
865580
877282
688248
475228
589628
250616
747685
508751
16846
457848
461370
217458
969530
927962
244040
56198
547431
410010
901488
627102
33125
991023
558577
580500
755000
200168
735516
305600
995875
10810
626287
706564
335440
536500
386546
888064
316146
242713
799096
582500
907171
541440
580800
606851
84068
698947
539541
846576
939059
928134
523165
438252
433399
732608
148370
663592
623504
825176
79166
286774
143750
557940
717218
216160
74842
308932
384478
179550
705037
680859
157408
46320
186960
960450
408870
403352
730570
640975
117360
792425
429640
749507
863860
948663
761850
345931
650848
76522
174883
232460
565140
777856
630701
533392
858392
786828
513235
245776
733792
391528
367424
819385
236417
89000
165256
186228
641009
862940
724960
656115
528376
537640
661239
75978
347580
542254
974218
372750
859079
231560
274602
633088
56928
594528
367490
456601
355760
226560
283726
232752
709088
578602
525918
718801
723838
810547
88277
949040
999120
351790
876645
938448
992418
389377
60456
806387
664592
134464
515790
241274
14722
187265
259925
572047
8552
452290
147456
66159
639696
814071
46120
167955
